401013357
401014972
401022510
401013437
401019470
401013328
401020671
401021651
401021655
401013342
401013489
401014979
401012675
401013086
401012258
401022511
401013354
401012880
401022512
401020673
401020672
401013089
401022517
401012680
401012246
401013088
401012250
401012682
401012248
401013065
401013349
401012888
401012678
401013072
401012257
401012254
401021656
401012872
401012681
401012253
401012256
401012804
401012820
401013091
401014977
401019473
401013090
401013087
401020675
401022514
401013092
401012683
401012251
401012862
401012247
401012255
401012684
401013448
401014973
401021653
401013094
401014975
401019472
401020674
401014978
401021654
401020676
401021652
401019476
401019474
401014974
401012851
401013048
401013057
401012679
401012259
401012249
401014980
401014976
401022515
401013026
401022516
401012677
401012676
401019475
401019471
401013095
401079833
401013096
